Commune,Canton
Alvaschein,GR
Aadorf,TG
Aarau,AG
Aarberg,BE
Aarburg,AG
Aarwangen,BE
Aawangen,TG
Abtwil,AG
Aclens,VD
Acquarossa,TI
Adelboden,BE
Adligenswil,LU
Adlikon,ZH
Adliswil,ZH
Aedermannsdorf,SO
Aefligen,BE
Aegerisee,ZG
Aegerten,BE
Aesch (BL),BL
Aesch (LU),LU
Aesch (ZH),ZH
Aesch bei Birmensdorf,ZH
Aeschi (SO),SO
Aeschi bei Spiez,BE
Aeschlen,BE
Aetigkofen,SO
Aetingen,SO
Aeugst,ZH
Aeugst am Albis,ZH
Affeltrangen,TG
Affoltern am Albis,ZH
Affoltern im Emmental,BE
Agarn,VS
Agettes,VS
Agiez,VD
Agno,TI
Agra,TI
Agriswil,FR
Aigle,VD
Aire-la-Ville,GE
Airolo,TI
Alberswil,LU
Albeuve,FR
Albinen,VS
Albligen,BE
Albula/Alvra,GR
Alchenstorf,BE
Allaman,VD
Alle,BE
Alle,JU
Allmendingen,BE
Allschwil,BL
Almens,GR
Alpnach,OW
Alpthal,SZ
Alt St. Johann,SG
Altavilla,FR
Altburon,LU
Altdorf (SH),SH
Altdorf (UR),UR
Altendorf,SZ
Alterswil,FR
Alterswilen,TG
Altikon,ZH
Altishausen,TG
Altishofen,LU
Altnau,TG
Alto Malcantone,TI
Altstatten,SG
Altwis,LU
Alvaneu,GR
Amden,SG
Amlikon,TG
Amlikon-Bissegg,TG
Ammannsegg,SO
Ammerswil,AG
Amriswil,TG
Amsoldingen,BE
Andeer,GR
Andelfingen,ZH
Andermatt,UR
Andhausen,TG
Andiast,GR
Andwil (SG),SG
Andwil (TG),TG
Anetswil,TG
Anieres,GE
Anniviers,VS
Anwil,BL
Anzonico,TI
Appenzell,AI
Apples,VD
Aquila,TI
Aranno,TI
Arbaz,VS
Arbedo-Castione,TI
Arboldswil,BL
Arbon,TG
Arch,BE
Arconciel,FR
Ardez,GR
Ardon,VS
Arisdorf,BL
Aristau,AG
Arlesheim,BL
Arnex-sur-Nyon,VD
Arnex-sur-Orbe,VD
Arni,BE
Arni (AG),AG
Arni (BE),BE
Arni-Islisberg,AG
Arogno,TI
Arosa,GR
Arosio,TI
Arrissoules,VD
Arth,SZ
Arvigo,GR
Arzier,VD
Arzier-Le Muids,VD
Arzo,TI
Ascona,TI
Assens,VD
Astano,TI
Asuel,BE
Asuel,JU
Attalens,FR
Attelwil,AG
Attinghausen,UR
Attiswil,BE
Au (SG),SG
Au (TG),TG
Aubonne,VD
Auboranges,FR
Auenstein,AG
Augio,GR
Augst,BL
Aumont,FR
Auressio,TI
Aurigeno,TI
Ausserberg,VS
Ausserbinn,VS
Ausserferrera,GR
Auswil,BE
Autafond,FR
Autavaux,FR
Autigny,FR
Auvernier,NE
Auw,AG
Avegno,TI
Avegno Gordevio,TI
Avenches,VD
Avers,GR
Avry,FR
Avry-devant-Pont,FR
Avry-sur-Matran,FR
Avully,GE
Avusy,GE
Ayent,VS
Ayer,VS
Baar,ZG
Bachenbulach,ZH
Bachs,ZH
Bad Ragaz,SG
Bad Zurzach,AG
Baden,AG
Bagnes,VS
Baldeggersee,LU
Baldingen,AG
Balerna,TI
Balgach,SG
Ballaigues,VD
Ballens,VD
Ballmoos,BE
Ballwil,LU
Balm bei Gunsberg,SO
Balm bei Messen,SO
Balsthal,SO
Balterswil,TG
Baltschieder,VS
Bangerten,BE
Bannwil,BE
Barbengo,TI
Barbereche,FR
Bardonnex,GE
Baretswil,ZH
Bargen (BE),BE
Bargen (SH),SH
Bariswil,BE
Barschwil,SO
Barzheim,SH
Basadingen,TG
Basadingen-Schlattingen,TG
Basel,BS
Bas-Intyamon,FR
Basse-Allaine,JU
Bassecourt,BE
Bassecourt,JU
Bassersdorf,ZH
Bassins,VD
Bas-Vully,FR
Batterkinden,BE
Battwil,SO
Bauen,UR
Baulmes,VD
Bauma,ZH
Bavois,VD
Beatenberg,BE
Beckenried,NW
Bedano,TI
Bedigliora,TI
Bedretto,TI
Beggingen,SH
Begnins,VD
Beinwil (Freiamt),AG
Beinwil (SO),SO
Beinwil am See,AG
Belfaux,FR
Bellach,SO
Bellerive (VD),VD
Bellevue,GE
Bellikon,AG
Bellinzona,TI
Bellmund,BE
Bellwald,VS
Belmont-Broye,FR
Belmont-sur-Lausanne,VD
Belmont-sur-Yverdon,VD
Belp,BE
Belpberg,BE
Belprahon,BE
Benken (BL),BL
Benken (SG),SG
Benken (ZH),ZH
Bennwil,BL
Benzenschwil,AG
Bercher,VD
Berg (SG),SG
Berg (TG),TG
Berg am Irchel,ZH
Bergdietikon,AG
Bergun/Bravuogn,GR
Berikon,AG
Beringen,SH
Berken,BE
Berlens,FR
Berlingen,TG
Bern,BE
Berneck,SG
Bernex,GE
Berolle,VD
Beromunster,LU
Bertschikon,ZH
Berzona,TI
Besazio,TI
Besenburen,AG
Besencens,FR
Betschwanden,GL
Betten,VS
Bettenhausen,BE
Bettens,VD
Bettingen,BS
Bettlach,SO
Bettmeralp,VS
Bettwiesen,TG
Bettwil,AG
Beurnevesin,BE
Beurnevesin,JU
Bevaix,NE
Bever,GR
Bevilard,BE
Bex,VD
Biasca,TI
Biberist,SO
Bibern (SH),SH
Bibern (SO),SO
Biberstein,AG
Bichelsee,TG
Bichelsee-Balterswil,TG
Bière,VD
Bidogno,TI
Biel (BE),BE
Biel (BL),BL
Biel (VS),VS
Biel/Bienne,BE
Biel-Benken,BL
Bielersee / Lac de Bienne (BE),BE
Bielersee / Lac de Bienne (NE),NE
Biessenhofen,TG
Biezwil,SO
Biglen,BE
Bignasco,TI
Billens,FR
Billens-Hennens,FR
Bilten,GL
Binn,VS
Binningen,BL
Bioggio,TI
Biogno-Beride,TI
Bioley-Magnoux,VD
Bioley-Orjulaz,VD
Bionnens,FR
Birgisch,VS
Birmensdorf (ZH),ZH
Birmenstorf (AG),AG
Bironico,TI
Birr,AG
Birrhard,AG
Birrwil,AG
Birsfelden,BL
Birwinken,TG
Bischofszell,TG
Bissegg,TG
Bissone,TI
Bister,VS
Bitsch,VS
Bivio,GR
Blatten,VS
Blauen,BE
Blauen,BL
Bleienbach,BE
Bleiken (TG),TG
Bleiken bei Oberdiessbach,BE
Blenio,TI
Blessens,FR
Blitzingen,VS
Blonay,VD
Blumenstein,BE
Bobikon,AG
Bockten,BL
Bodensee (SG),SG
Bodensee (SH),SH
Bodensee (TG),TG
Bodio,TI
Boecourt,BE
Boecourt,JU
Bofflens,VD
Bogis-Bossey,VD
Bogno,TI
Bole,NE
Bolken,SO
Bolligen,BE
Bollion,FR
Bollodingen,BE
Boltigen,BE
Bonaduz,GR
Bonau,TG
Boncourt,BE
Boncourt,JU
Bondo,GR
Bonfol,BE
Bonfol,JU
Bonigen,BE
Boningen,SO
Boniswil,AG
Bonnefontaine,FR
Bonstetten,ZH
Bonvillars,VD
Boppelsen,ZH
Borex,VD
Borgnone,TI
Bosco Luganese,TI
Bosco/Gurin,TI
Bosingen,FR
Bossonnens,FR
Boswil,AG
Bottens,VD
Bottenwil,AG
Botterens,FR
Bottighofen,TG
Bottmingen,BL
Bottstein,AG
Boudevilliers,NE
Boudry,NE
Bougy-Villars,VD
Boulens,VD
Bouloz,FR
Bourg-en-Lavaux,VD
Bourg-Saint-Pierre,VS
Bournens,VD
Bourrignon,BE
Bourrignon,JU
Boussens,VD
Boveresse,NE
Bovernier,VS
Bowil,BE
Bozberg,AG
Bozen,AG
Braggio,GR
Bramois,VS
Bratsch,VS
Braunau,TG
Braunwald,GL
Brè-Aldesago,TI
Bregaglia,GR
Breganzona,TI
Breggia,TI
Breil/Brigels,GR
Breitenbach,SO
Bremblens,VD
Bremgarten (AG),AG
Bremgarten bei Bern,BE
Brenles,VD
Breno,TI
Brenzikofen,BE
Bressaucourt,BE
Bressaucourt,JU
Bretigny-sur-Morrens,VD
Bretonnières,VD
Bretzwil,BL
Brienz (BE),BE
Brienz (GR),GR
Brienz/Brinzauls,GR
Brienzersee,BE
Brienzwiler,BE
Brig,VS
Brigerbad,VS
Brig-Glis,VS
Brione (Verzasca),TI
Brione sopra Minusio,TI
Brislach,BE
Brislach,BL
Brissago,TI
Brittnau,AG
Broc,FR
Broglio,TI
Bronschhofen,SG
Brontallo,TI
Brot-Dessous,NE
Brot-Plamboz,NE
Brugg,AG
Brugg,BE
Brugglen,SO
Brunegg,AG
Brunisried,FR
Brunnadern,SG
Brunnenthal,SO
Brusino Arsizio,TI
Brusio,GR
Bruttelen,BE
Brutten,ZH
Bruzella,TI
Bubendorf,BL
Bubikon,ZH
Buch (SH),SH
Buch am Irchel,ZH
Buch bei Frauenfeld,TG
Buch bei Marwil,TG
Buchackern,TG
Buchberg,SH
Buchegg,SO
Buchholterberg,BE
Buchillon,VD
Buchrain,LU
Buchs (AG),AG
Buchs (LU),LU
Buchs (SG),SG
Buchs (ZH),ZH
Buchslen,FR
Buckten,BL
Buetigen,BE
Buhl,BE
Buhler,AR
Buhwil,TG
Buix,BE
Buix,JU
Bulach,ZH
Bulle,FR
Bullet,VD
Bunzen,AG
Buochs,NW
Burchen,VS
Bure,BE
Bure,JU
Buren (SO),SO
Buren an der Aare,BE
Buren zum Hof,BE
Burg (AG),AG
Burg bei Murten,FR
Burg im Leimental,BE
Burg im Leimental,BL
Burgaschi,SO
Burgdorf,BE
Burgistein,BE
Burglen (TG),TG
Burglen (UR),UR
Buron,LU
Bursinel,VD
Bursins,VD
Burtigny,VD
Buseno,GR
Busserach,SO
Bussigny,VD
Bussigny-près-Lausanne,VD
Bussigny-sur-Oron,VD
Bussnang,TG
Busswil (TG),TG
Busswil bei Buren,BE
Busswil bei Melchnau,BE
Bussy (FR),FR
Bussy-Chardonney,VD
Bussy-sur-Morges,VD
Bussy-sur-Moudon,VD
Butschwil,SG
Butschwil-Ganterschwil,SG
Buttenhardt,SH
Buttes,NE
Buttikon,AG
Buttisholz,LU
Buttwil,AG
Buus,BL
Cabbio,TI
Cademario,TI
Cadempino,TI
Cadenazzo,TI
Cadro,TI
Cagiallo,TI
Calanca,GR
Calfreisen,GR
Calonico,TI
Calpiogna,TI
Cama,GR
Camignolo,TI
Camorino,TI
Campello,TI
Campestro,TI
Campo (Blenio),TI
Campo (Vallemaggia),TI
Camuns,GR
Caneggio,TI
Canobbio,TI
Capolago,TI
Capriasca,TI
Carabbia,TI
Carabietta,TI
Carona,TI
Carouge (GE),GE
Carrouge (VD),VD
Cartigny,GE
Casaccia,GR
Casima,TI
Caslano,TI
Castagnola,TI
Castaneda,GR
Castasegna,GR
Castel San Pietro,TI
Castiel,GR
Casti-Wergenstein,GR
Castrisch,GR
Castro,TI
Cauco,GR
Cavagnago,TI
Cavergno,TI
Caviano,TI
Cavigliano,TI
Cazis,GR
Celerina/Schlarigna,GR
Celigny,GE
Centovalli,TI
Cerentino,TI
Cerniat (FR),FR
Cerniaz (VD),VD
Cernier,NE
Certara,TI
Cevio,TI
Chables,FR
Chabrey,VD
Chalais,VS
Cham,ZG
Chamblon,VD
Chamoson,VS
Champagne,VD
Champery,VS
Champmartin,VD
Champoz,BE
Champtauroz,VD
Champvent,VD
Chancy,GE
Chandolin,VS
Chandon,FR
Chandossel,FR
Chaneaz,VD
Chapelle (Broye),FR
Chapelle (Glane),FR
Chapelle-sur-Moudon,VD
Chardonne,VD
Chardonney-sur-Morges,VD
Charmey,FR
Charmoille,BE
Charmoille,JU
Charrat,VS
Chateau-d'Oex,VD
Chatelat,BE
Chatel-Saint-Denis,FR
Chatel-sur-Montsalvens,FR
Chatillens,VD
Chatillon (BE),BE
Chatillon (FR),FR
Chatillon (JU),JU
Chatonnaye,FR
Chavannes-de-Bogis,VD
Chavannes-des-Bois,VD
Chavannes-le-Chène,VD
Chavannes-les-Forts,FR
Chavannes-le-Veyron,VD
Chavannes-près-Renens,VD
Chavannes-sous-Orsonnens,FR
Chavannes-sur-Moudon,VD
Chavornay,VD
Cheiry,FR
Chène-Bougeries,GE
Chène-Bourg,GE
Chenens,FR
Chène-Paquier,VD
Chermignon,VS
Chesalles,FR
Chesalles-sur-Moudon,VD
Chesalles-sur-Oron,VD
Cheseaux-Noreaz,VD
Cheseaux-sur-Lausanne,VD
Cheserex,VD
Chesopelloz,FR
Chessel,VD
Chevenez,BE
Chevenez,JU
Chevilly,VD
Chevroux,VD
Chexbres,VD
Cheyres,FR
Cheyres-Chables,FR
Chezard-Saint-Martin,NE
Chiasso,TI
Chiggiogna,TI
Chigny,VD
Chippis,VS
Chironico,TI
Choulex,GE
Chur,GR
Churwalden,GR
Cimadera,TI
Cimo,TI
Clarmont,VD
Claro,TI
Clavaleyres,BE
Clos du Doubs,JU
Clugin,GR
Coeuve,BE
Coeuve,JU
Coffrane,NE
Coglio,TI
Coinsins,VD
Coldrerio,TI
Collex-Bossy,GE
Collina d'Oro,TI
Collombey-Muraz,VS
Collonge-Bellerive,GE
Collonges,VS
Cologny,GE
Colombier (NE),NE
Colombier (VD),VD
Comano,TI
Combremont-le-Grand,VD
Combremont-le-Petit,VD
Commugny,VD
Comologno,TI
Concise,VD
Confignon,GE
Constantine,VD
Conters im Pratigau,GR
Conters im Prattigau,GR
Conthey,VS
Contone,TI
Coppet,VD
Corban,BE
Corban,JU
Corbeyrier,VD
Corbières,FR
Corcelles (BE),BE
Corcelles-Cormondrèche,NE
Corcelles-le-Jorat,VD
Corcelles-près-Concise,VD
Corcelles-près-Payerne,VD
Corcelles-sur-Chavornay,VD
Cordast,FR
Corgemont,BE
Corippo,TI
Corjolens,FR
Cormagens,FR
Cormerod,FR
Corminboeuf,FR
Cormoret,BE
Cornaux,NE
Cornol,BE
Cornol,JU
Corpataux,FR
Corpataux-Magnedens,FR
Correvon,VD
Corsalettes,FR
Corseaux,VD
Corserey,FR
Corsier (GE),GE
Corsier-sur-Vevey,VD
Cortaillod,NE
Cortebert,BE
Corticiasca,TI
Corzoneso,TI
Cossonay,VD
Cottens (FR),FR
Cottens (VD),VD
Courchapoix,BE
Courchapoix,JU
Courchavon,BE
Courchavon,JU
Courfaivre,BE
Courfaivre,JU
Courgenay,BE
Courgenay,JU
Courgevaux,FR
Courlevon,FR
Cournillens,FR
Courrendlin,BE
Courrendlin,JU
Courroux,BE
Courroux,JU
Court,BE
Courtaman,FR
Courtedoux,BE
Courtedoux,JU
Courtelary,BE
Courtemaiche,BE
Courtemaiche,JU
Courtepin,FR
Courtetelle,BE
Courtetelle,JU
Courtion,FR
Coussiberle,FR
Couvet,NE
Crana,TI
Crans-Montana,VS
Crans-près-Celigny,VD
Crassier,VD
Cremin,VD
Cremines,BE
Cresciano,TI
Cressier (FR),FR
Cressier (NE),NE
Cresuz,FR
Crissier,VD
Croglio,TI
Croglio-Castelrotto,TI
Cronay,VD
Croy,VD
Cuarnens,VD
Cuarny,VD
Cudrefin,VD
Cugnasco,TI
Cugnasco-Gerra,TI
Cugy (FR),FR
Cugy (VD),VD
Cully,VD
Cumbel,GR
Cumbels,GR
Cunter,GR
Cureggia,TI
Cureglia,TI
Curio,TI
Curtilles,VD
Cutterwil,FR
Comunanza Bidogno/Capriasca/Corticiasca,TI
Comunanza Bidogno/Sala Capriasca/Corticiasca,TI
Comunanza Cadenazzo/Monteceneri,TI
Comunanza Capriasca/Lugaggia,TI
Comunanza Capriasca/Lugano,TI
Comunanza Capriasca/Valcolla,TI
Comunanza Corticiasca/Valcolla,TI
Comunanza Medeglia/Cadenazzo,TI
Comunanza Medeglia/Robasacco,TI
Comunanza Sala Capriasca/Vaglio/Lugaggia,TI
Dachsen,ZH
Dagerlen,ZH
Dagmersellen,LU
Daillens,VD
Dallenwil,NW
Dallikon,ZH
Dalpe,TI
Damphreux,BE
Damphreux,JU
Damvant,BE
Damvant,JU
Daniken,SO
Danikon,ZH
Dardagny,GE
Darligen,BE
Darstetten,BE
Dattlikon,ZH
Dattwil,AG
Davesco-Soragno,TI
Davos,GR
Degen,GR
Degersheim,SG
Deisswil bei Munchenbuchsee,BE
Deitingen,SO
Delemont,BE
Delemont,JU
Delley,FR
Delley-Portalban,FR
Demoret,VD
Denens,VD
Denezy,VD
Denges,VD
Densburen,AG
Derendingen,SO
Dettighofen,TG
Develier,BE
Develier,JU
Diegten,BL
Dielsdorf,ZH
Diemerswil,BE
Diemtigen,BE
Diepflingen,BL
Diepoldsau,SG
Dierikon,LU
Diesbach (GL),GL
Diessbach bei Buren,BE
Diesse,BE
Diessenhofen,TG
Dietikon,ZH
Dietlikon,ZH
Dietwil,AG
Dinhard,ZH
Dintikon,AG
Dippishausen-Oftershausen,TG
Disentis/Mustèr,GR
Disentis/Muster,GR
Dittingen,BE
Dittingen,BL
Dizy,VD
Domat/Ems,GR
Dombresson,NE
Domdidier,FR
Domleschg,GR
Dommartin,VD
Dompierre (FR),FR
Dompierre (VD),VD
Donat,GR
Donath,GR
Donatyre,VD
Dongio,TI
Donneloye,VD
Donzhausen,TG
Doppleschwand,LU
Dorenaz,VS
Dorf,ZH
Dorflingen,SH
Dornach,SO
Dotnacht,TG
Dottikon,AG
Dottingen,AG
Dotzigen,BE
Dozwil,TG
Drei Hofe,SO
Dubendorf,ZH
Dudingen,FR
Duggingen,BE
Duggingen,BL
Duillier,VD
Dulliken,SO
Dully,VD
Dunnershaus,TG
Durnten,ZH
Durrenasch,AG
Durrenroth,BE
Dussnang,TG
Duvin,GR
Ebersecken,LU
Ebikon,LU
Ebnat,SG
Ebnat-Kappel,SG
Echallens,VD
Echandens,VD
Echarlens,FR
Echichens,VD
Eclagnens,VD
Eclepens,VD
Ecoteaux,VD
Ecublens (FR),FR
Ecublens (VD),VD
Ecuvillens,FR
Ederswiler,BE
Ederswiler,JU
Effingen,AG
Egerkingen,SO
Egg,ZH
Eggenwil,AG
Eggerberg,VS
Eggersriet,SG
Eggiwil,BE
Eglisau,ZH
Egliswil,AG
Egnach,TG
Egolzwil,LU
Ehrendingen,AG
Eich,LU
Eichberg,SG
Eiken,AG
Einsiedeln,SZ
Eischoll,VS
Eisten,VS
Elfingen,AG
Elgg,ZH
Ellighausen,TG
Ellikon an der Thur,ZH
Elm,GL
Elsau,ZH
Embd,VS
Embrach,ZH
Emmen,LU
Emmetten,NW
Endingen,AG
Engelberg,OW
Enges,NE
Engi,GL
Engishofen,TG
Englisberg,BE
Engollon,NE
Engwang,TG
Engwilen,TG
Ennenda,GL
Ennetaach,TG
Ennetbaden,AG
Ennetburgen,NW
Ennetmoos,NW
Enney,FR
Entlebuch,LU
Envy,VD
Epalinges,VD
Epauvillers,BE
Epauvillers,JU
Ependes (FR),FR
Ependes (VD),VD
Epesses,VD
Epiquerez,BE
Epiquerez,JU
Eppenberg-Woschnau,SO
Epsach,BE
Eptingen,BL
Ergisch,VS
Eriswil,BE
Eriz,BE
Erlach,BE
Erlen,TG
Erlenbach (ZH),ZH
Erlenbach im Simmental,BE
Erlinsbach,AG
Erlinsbach (AG),AG
Erlinsbach (SO),SO
Ermatingen,TG
Ermensee,LU
Ernen,VS
Ernetschwil,SG
Erschmatt,VS
Erschwil,SO
Ersigen,BE
Erstfeld,UR
Eschenbach (LU),LU
Eschenbach (SG),SG
Eschenz,TG
Eschert,BE
Eschiens,FR
Eschikofen,TG
Eschlikon,TG
Escholzmatt,LU
Escholzmatt-Marbach,LU
Esmonts,FR
Essert (FR),FR
Essertes,VD
Essertines-sur-Rolle,VD
Essertines-sur-Yverdon,VD
Essert-Pittet,VD
Essert-sous-Champvent,VD
Estavannens,FR
Estavayer,FR
Estavayer-le-Gibloux,FR
Estavayer-le-Lac,FR
Estevenens,FR
Etagnières,VD
Etoy,VD
Ettenhausen,TG
Ettingen,BL
Ettiswil,LU
Etzelkofen,BE
Etzgen,AG
Etziken,SO
Evilard,BE
Evionnaz,VS
Evolène,VS
Eyholz,VS
Eysins,VD
Fahrni,BE
Fahrwangen,AG
Fahy,BE
Fahy,JU
Faido,TI
Falera,GR
Fallanden,ZH
Fanas,GR
Faoug,VD
Farnern,BE
Farvagny,FR
Farvagny-le-Grand,FR
Farvagny-le-Petit,FR
Fechy,VD
Fehraltorf,ZH
Fehren,SO
Felben,TG
Felben-Wellhausen,TG
Feldbrunnen-St. Niklaus,SO
Feldis/Veulden,GR
Fellers,GR
Felsberg,GR
Fenin-Vilars-Saules,NE
Ferden,VS
Ferenbalm,BE
Ferlens (VD),VD
Ferpicloz,FR
Ferrera,GR
Ferreyres,VD
Feschel,VS
Fescoggia,TI
Fetigny,FR
Feuerthalen,ZH
Feusisberg,SZ
Fey,VD
Fiaugères,FR
Fideris,GR
Fiesch,VS
Fieschertal,VS
Fiez,VD
Filet,VS
Filisur,GR
Filzbach,GL
Finhaut,VS
Finsterhennen,BE
Fischbach,LU
Fischbach-Goslikon,AG
Fischenthal,ZH
Fischingen,TG
Fisibach,AG
Fislisbach,AG
Flaach,ZH
Flasch,GR
Flawil,SG
Flerden,GR
Fleurier,NE
Flims,GR
Flond,GR
Fluelen,UR
Fluhli,LU
Flumenthal,SO
Flums,SG
Flurlingen,ZH
Font,FR
Fontainemelon,NE
Fontaines (NE),NE
Fontaines-sur-Grandson,VD
Fontanezier,VD
Fontenais,BE
Fontenais,JU
Forel (FR),FR
Forel (Lavaux),VD
Forel-sur-Lucens,VD
Formangueires,FR
Forst,BE
Forst-Langenbuhl,BE
Founex,VD
Franex,FR
Fraschels,FR
Frasco,TI
Frasnacht,TG
Frasses,FR
Fraubrunnen,BE
Frauenfeld,TG
Frauenkappelen,BE
Fregiecourt,BE
Fregiecourt,JU
Freienbach,SZ
Freienstein-Teufen,ZH
Freienwil,AG
Freimettigen,BE
Frenkendorf,BL
Fresens,NE
Fribourg,FR
Frick,AG
Friltschen,TG
Froideville,VD
Fruthwilen,TG
Frutigen,BE
Ftan,GR
Fuldera,GR
Fulenbach,SO
Fullinsdorf,BL
Full-Reuenthal,AG
Fully,VS
Furna,GR
Furstenau,GR
Fusio,TI
Fuyens,FR
Gachlingen,SH
Gachliwil,SO
Gachnang,TG
Gadmen,BE
Gais,AR
Gaiserwald,SG
Galgenen,SZ
Gallenkirch,AG
Galmiz,FR
Gals,BE
Gambarogno,TI
Gampel,VS
Gampel-Bratsch,VS
Gampelen,BE
Gams,SG
Gandria,TI
Gansbrunnen,SO
Gansingen,AG
Ganterschwil,SG
Gebenstorf,AG
Gelfingen,LU
Gelterfingen,BE
Gelterkinden,BL
Geltwil,AG
Gemeinschaftsgebiet Maienfeld-Flasch,GR
Gempen,SO
Gempenach,FR
Genève,GE
Genestrerio,TI
Genolier,VD
Genthod,GE
Gentilino,TI
Gerlafingen,SO
Gerlikon,TG
Geroldswil,ZH
Gerra (Gambarogno),TI
Gerra (Verzasca),TI
Gersau,SZ
Gerzensee,BE
Geschinen,VS
Gettnau,LU
Geuensee,LU
Ghirone,TI
Gibloux,FR
Giebenach,BL
Giez,VD
Giffers,FR
Gillarens,FR
Gilly,VD
Gimel,VD
Gingins,VD
Giornico,TI
Gipf-Oberfrick,AG
Gisikon,LU
Giswil,OW
Giubiasco,TI
Giumaglio,TI
Givisiez,FR
Givrins,VD
Gland,VD
Glarus,GL
Glarus Nord,GL
Glarus Sud,GL
Glattfelden,ZH
Gletterens,FR
Glis,VS
Glovelier,BE
Glovelier,JU
Gluringen,VS
Gnosca,TI
Golaten,BE
Goldach,SG
Goldingen,SG
Gollion,VD
Gommiswald,SG
Goms,VS
Gondiswil,BE
Gonten,AI
Gontenschwil,AG
Goppisberg,VS
Gordevio,TI
Gordola,TI
Gorduno,TI
Gorgier,NE
Goschenen,UR
Gossau (SG),SG
Gossau (ZH),ZH
Gossens,VD
Gossliwil,SO
Gotighofen,TG
Gottlieben,TG
Gottshaus,TG
Goumoëns,VD
Goumoens-la-Ville,VD
Goumoens-le-Jux,VD
Goumois,BE
Goumois,JU
Graben,BE
Grabs,SG
Grachen,VS
Grafenried,BE
Grafschaft,VS
Graltshausen,TG
Grancia,TI
Grancy,VD
Grandcour,VD
Grandevent,VD
Grandfontaine,BE
Grandfontaine,JU
Grandson,VD
Grandval,BE
Grandvaux,VD
Grandvillard,FR
Granges (Veveyse),FR
Granges (VS),VS
Granges-de-Vesin,FR
Granges-Paccot,FR
Granges-près-Marnand,VD
Grangettes,FR
Granichen,AG
Grattavache,FR
Gravesano,TI
Greich,VS
Greifensee,ZH
Grellingen,BE
Grellingen,BL
Grenchen,SO
Greng,FR
Grengiols,VS
Grenilles,FR
Grens,VD
Greppen,LU
Gresso,TI
Gressy,VD
Gretzenbach,SO
Griesenberg,TG
Grimentz,VS
Grimisuat,VS
Grindel,SO
Grindelwald,BE
Grod,SO
Grolley,FR
Grone,VS
Grono,GR
Grossaffoltern,BE
Grossandelfingen,ZH
Grossbosingen,FR
Grossdietwil,LU
Grossgurmels,FR
Grossguschelmuth,FR
Grosshochstetten,BE
Grosswangen,LU
Grub (AR),AR
Gruningen,ZH
Grusch,GR
Gruyères,FR
Gryon,VD
Gsteig,BE
Gsteigwiler,BE
Guarda,GR
Gudo,TI
Guggisberg,BE
Gumefens,FR
Gundelhart-Horhausen,TG
Gundlischwand,BE
Gunsberg,SO
Guntershausen bei Aadorf,TG
Guntershausen bei Birwinken,TG
Guntmadingen,SH
Gunzgen,SO
Gunzwil,LU
Gurbru,BE
Gurmels,FR
Gurtnellen,UR
Gurzelen,BE
Guschelmuth,FR
Gutenburg,BE
Guttannen,BE
Guttet,VS
Guttet-Feschel,VS
Guttingen,TG
Gy,GE
Habkern,BE
Habsburg,AG
Hafelfingen,BL
Hagenbuch,ZH
Hagendorf,SO
Haggenschwil,SG
Hagglingen,AG
Hagneck,BE
Halden,TG
Haldenstein,GR
Hallau,SH
Hallwil,AG
Hallwilersee (AG),AG
Hallwilersee (LU),LU
Halten,SO
Hamikon,LU
Happerswil-Buch,TG
Harenwilen,TG
Harkingen,SO
Hasle (LU),LU
Hasle bei Burgdorf,BE
Haslen,GL
Hasliberg,BE
Hatzingen,GL
Hauenstein-Ifenthal,SO
Hauptwil,TG
Hauptwil-Gottshaus,TG
Hausen (AG),AG
Hausen am Albis,ZH
Hausen bei Brugg,AG
Haute-Ajoie,JU
Hauterive,NE
Hauterive (FR),FR
Hauterive (NE),NE
Haute-Sorne,JU
Hauteville,FR
Haut-Intyamon,FR
Hautligen,BE
Haut-Vully,FR
Hedingen,ZH
Hefenhofen,TG
Heiden,AR
Heiligenschwendi,BE
Heiligkreuz,TG
Heimberg,BE
Heimenhausen,BE
Heimiswil,BE
Heinrichswil,SO
Heinrichswil-Winistorf,SO
Heitenried,FR
Heldswil,TG
Hellikon,AG
Hellsau,BE
Hemberg,SG
Hemishofen,SH
Hemmental,SH
Hemmiken,BL
Henau,SG
Hendschiken,AG
Henggart,ZH
Hennens,FR
Henniez,VD
Herbetswil,SO
Herbligen,BE
Herblingen,SH
Herdern,TG
Heremence,VS
Hergiswil (NW),NW
Hergiswil bei Willisau,LU
Herisau,AR
Herlisberg,LU
Hermance,GE
Hermenches,VD
Hermetschwil-Staffeln,AG
Hermiswil,BE
Hermrigen,BE
Herrenhof,TG
Herrliberg,ZH
Hersberg,BL
Hersiwil,SO
Herznach,AG
Herzogenbuchsee,BE
Hessenreuti,TG
Hessigkofen,SO
Hettlingen,ZH
Hildisrieden,LU
Hilfikon,AG
Hilterfingen,BE
Himmelried,SO
Hindelbank,BE
Hinterrhein,GR
Hinwil,ZH
Hirschthal,AG
Hirzel,ZH
Hittnau,ZH
Hitzkirch,LU
Hochdorf,LU
Hochfelden,ZH
Hochstetten,BE
Hochwald,SO
Hofen,SH
Hofen,BE
Hofstetten (SO),SO
Hofstetten (ZH),ZH
Hofstetten bei Brienz,BE
Hofstetten bei Elgg,ZH
Hofstetten-Fluh,SO
Hohenrain,LU
Hohentannen,TG
Hohtenn,VS
Holderbank (AG),AG
Holderbank (SO),SO
Holstein,BL
Holziken,AG
Homberg,BE
Hombrechtikon,ZH
Homburg,TG
Honau,LU
Horben,TG
Horgen,ZH
Hori,ZH
Horn,TG
Hornussen,AG
Horrenbach-Buchen,BE
Horriwil,SO
Horw,LU
Hosenruck,TG
Hospental,UR
Hottwil,AG
Hubersdorf,SO
Hugelshofen,TG
Humlikon,ZH
Hundwil,AR
Hunenberg,ZG
Huniken,SO
Huntwangen,ZH
Hunzenschwil,AG
Hutten,ZH
Huttikon,ZH
Huttlingen,TG
Huttwil,BE
Huttwilen,TG
Ichertswil,SO
Icogne,VS
Iffwil,BE
Igels,GR
Igis,GR
Ilanz,GR
Ilanz/Glion,GR
Illens,FR
Illgau,SZ
Illhart,TG
Illighausen,TG
Illnau,ZH
Illnau-Effretikon,ZH
Indemini,TI
Inden,VS
Ingenbohl,SZ
Inkwil,BE
Innerferrera,GR
Innerthal,SZ
Innertkirchen,BE
Ins,BE
Interlaken,BE
Intragna,TI
Inwil,LU
Ipsach,BE
Iragna,TI
Iseltwald,BE
Isenfluh,BE
Isenthal,UR
Iseo,TI
Iserables,VS
Islikon,TG
Islisberg,AG
Isone,TI
Isorno,TI
Istighofen,TG
Itingen,BL
Ittenthal,AG
Ittigen,BE
Jaberg,BE
Jaun,FR
Jegenstorf,BE
Jenaz,GR
Jenins,GR
Jens,BE
Jeuss,FR
Jona,SG
Jonen,AG
Jongny,VD
Jonschwil,SG
Jorat-Menthue,VD
Jorat-Mezières,VD
Jouxtens-Mezery,VD
Juriens,VD
Jussy,GE
Kaiseraugst,AG
Kaiserstuhl,AG
Kaisten,AG
Kallern,AG
Kallnach,BE
Kaltbrunn,SG
Kaltenbach,TG
Kalthausern,TG
Kammersrohr,SO
Kandergrund,BE
Kandersteg,BE
Kanerkinden,BL
Kappel (SO),SO
Kappel (Toggenburg),SG
Kappel am Albis,ZH
Kappelen,BE
Kaufdorf,BE
Kefikon,TG
Kehrsatz,BE
Kemmental,TG
Kernenried,BE
Kerns,OW
Kerzers,FR
Kesswil,TG
Kestenholz,SO
Kienberg,SO
Kienersruti,BE
Kiesen,BE
Kilchberg (BL),BL
Kilchberg (ZH),ZH
Killwangen,AG
Kippel,VS
Kirchberg (BE),BE
Kirchberg (SG),SG
Kirchdorf (BE),BE
Kirchenthurnen,BE
Kirchleerau,AG
Kirchlindach,BE
Klarsreuti,TG
Kleinandelfingen,ZH
Kleinbosingen,FR
Kleindietwil,BE
Kleingurmels,FR
Kleinguschelmuth,FR
Kleinlutzel,SO
Klingnau,AG
Klosters,GR
Klosters-Serneus,GR
Kloten,ZH
Knonau,ZH
Knutwil,LU
Koblenz,AG
Kolliken,AG
Kommunanz Gluringen/Grafschaft,VS
Kommunanz Gluringen/Ritzingen,VS
Kommunanz Reckingen-Gluringen/Grafschaft,VS
Koniz,BE
Konolfingen,BE
Koppigen,BE
Kottwil,LU
Kradolf,TG
Kradolf-Schonenberg,TG
Krattigen,BE
Krauchthal,BE
Kreuzlingen,TG
Kriechenwil,BE
Kriegstetten,SO
Kriens,LU
Krillberg,TG
Krinau,SG
Krummenau,SG
Kublis,GR
Kulmerau,LU
Kummertshausen,TG
Kunten,AG
Kusnacht (ZH),ZH
Kussnacht (SZ),SZ
Kussnacht am Rigi,SZ
Kuttigen,AG
Kuttigkofen,SO
Kyburg,ZH
Kyburg-Buchegg,SO
La Baroche,JU
La Brevine,NE
La Brillaz,FR
La Chaux (Cossonay),VD
La Chaux-de-Fonds,NE
La Chaux-des-Breuleux,BE
La Chaux-des-Breuleux,JU
La Chaux-du-Milieu,NE
La Corbaz,FR
La Cote-aux-Fees,NE
La Ferrière,BE
La Folliaz,FR
La Heutte,BE
La Joux (FR),FR
La Magne,FR
La Neirigue,FR
La Neuveville,BE
La Praz,VD
La Punt-Chamues-ch,GR
La Rippe,VD
La Roche,FR
La Rogivue,VD
La Rougève,FR
La Sagne,NE
La Sarraz,VD
La Sonnaz,FR
La Tène,NE
La Tour-de-Peilz,VD
La Tour-de-Trème,FR
La Verrerie,FR
La Vounaise,FR
Laax,GR
L'Abbaye,VD
L'Abergement,VD
Lac de Joux,VD
Lac de la Gruyère / Greyerzersee,FR
Lac de Neuchatel (BE),BE
Lac de Neuchatel (FR),FR
Lac de Neuchatel (NE),NE
Lac de Neuchatel (VD),VD
Lac Leman (GE),GE
Lac Leman (VD),VD
Lac Leman (VS),VS
Lachen,SZ
Laconnex,GE
Ladir,GR
Lago di Lugano (ohne Campione, I),TI
Lago Maggiore,TI
Lajoux (BE),BE
Lajoux (JU),JU
Lalden,VS
Lamboing,BE
Lamone,TI
Lampenberg,BL
Lancy,GE
Landarenca,GR
Landeron-Combes,NE
Landiswil,BE
Landquart,GR
Landschlacht,TG
Langenbruck,BL
Langenbuhl,BE
Langendorf,SO
Langenhart,TG
Langenthal,BE
Langnau am Albis,ZH
Langnau bei Reiden,LU
Langnau im Emmental,BE
Langrickenbach,TG
Langwies,GR
Lanterswil,TG
Lantsch/Lenz,GR
Lanzenneunforn,TG
Largario,TI
Lauenen,BE
Lauerz,SZ
Laufelfingen,BL
Laufen,BE
Laufen,BL
Laufenburg,AG
Laufen-Uhwiesen,ZH
Lauffohr,AG
Laupen,BE
Laupersdorf,SO
Lauperswil,BE
Lausanne,VD
Lausen,BL
Lauterbrunnen,BE
Lauwil,BL
Lavertezzo,TI
Lavey-Morcles,VD
Lavigny,VD
Lavin,GR
Lavizzara,TI
Lax,VS
Le Bemont (BE),BE
Le Bemont (JU),JU
Le Bry,FR
Le Cerneux-Pequignot,NE
Le Chatelard,FR
Le Chenit,VD
Le Crèt,FR
Le Flon,FR
Le Glèbe,FR
Le Grand-Saconnex,GE
Le Landeron,NE
Le Lieu,VD
Le Locle,NE
Le Mont-sur-Lausanne,VD
Le Mouret,FR
Le Noirmont,BE
Le Noirmont,JU
Le Paquier (FR),FR
Le Paquier (NE),NE
Le Peuchapatte,BE
Le Peuchapatte,JU
Le Saulgy,FR
Le Vaud,VD
Lechelles,FR
Leggia,GR
Leibstadt,AG
Leimbach (AG),AG
Leimbach (TG),TG
Leimiswil,BE
Leissigen,BE
Lengnau (AG),AG
Lengnau (BE),BE
Lengwil,TG
Lenk,BE
Lens,VS
Lentigny,FR
Lenzburg,AG
Leontica,TI
Les Agettes,VS
Les Bayards,NE
Les Bois,BE
Les Bois,JU
Les Brenets,NE
Les Breuleux,BE
Les Breuleux,JU
Les Clees,VD
Les Cullayes,VD
Les Ecasseys,FR
Les Enfers,BE
Les Enfers,JU
Les Friques,FR
Les Geneveys-sur-Coffrane,NE
Les Genevez (BE),BE
Les Genevez (JU),JU
Les Glanes,FR
Les Hauts-Geneveys,NE
Les Montets,FR
Les Planchettes,NE
Les Pommerats,BE
Les Pommerats,JU
Les Ponts-de-Martel,NE
Les Tavernes,VD
Les Thioleyres,VD
Les Verrières,NE
Lessoc,FR
Leuggelbach,GL
Leuggern,AG
Leuk,VS
Leukerbad,VS
Leutwil,AG
Leuzigen,BE
Leysin,VD
Leytron,VS
Lichtensteig,SG
Liddes,VS
Liebistorf,FR
Liedertswil,BL
Lieffrens,FR
Lieli,LU
Liesberg,BE
Liesberg,BL
Liestal,BL
Ligerz,BE
Lignerolle,VD
Lignières,NE
Ligornetto,TI
Limpach,BE
Lindau,ZH
Linden,BE
Linescio,TI
Linn,AG
Linthal,GL
Lipperswil,TG
Lippoldswilen,TG
L'Isle,VD
Littau,LU
Locarno,TI
Loco,TI
Lodano,TI
Lodrino,TI
Lohn (GR),GR
Lohn (SH),SH
Lohn (SO),SO
Lohn-Ammannsegg,SO
Lohningen,SH
Lohnstorf,BE
Lommis,TG
Lommiswil,SO
Lonay,VD
Longirod,VD
Lopagno,TI
Losone,TI
Lossy,FR
Lossy-Formangueires,FR
Lostallo,GR
Lostorf,SO
Lottigna,TI
Lotzwil,BE
Lovatens,VD
Lovens,FR
Loveresse,BE
Lu,GR
Lucens,VD
Luchsingen,GL
Ludiano,TI
Luen,GR
Lufingen,ZH
Lugaggia,TI
Lugano,TI
Lugnez,BE
Lugnez,JU
Luins,VD
Lully (FR),FR
Lully (VD),VD
Lumbrein,GR
Lumino,TI
Lumnezia,GR
Lungern,OW
Lupfig,AG
Lupsingen,BL
Lurtigen,FR
Luscherz,BE
Lussery,VD
Lussery-Villars,VD
Lusslingen,SO
Lusslingen-Nennigkofen,SO
Lussy (FR),FR
Lussy-sur-Morges,VD
Lustdorf,TG
Luterbach,SO
Luterkofen,SO
Luterkofen-Ichertswil,SO
Luterswil,SO
Luterswil-Gachliwil,SO
Luthern,LU
Lutisburg,SG
Lutry,VD
Lutschental,BE
Lutzelfluh,BE
Lutzenberg,AR
Luven,GR
Luzein,GR
Luzern,LU
Lyss,BE
Lyssach,BE
Macconnens,FR
Madiswil,BE
Madulain,GR
Magadino,TI
Magden,AG
Magenwil,AG
Maggia,TI
Magliaso,TI
Magnedens,FR
Maienfeld,GR
Mairengo,TI
Maisprach,BL
Maladers,GR
Malans,GR
Malapalud,VD
Malix,GR
Malleray,BE
Malters,LU
Malvaglia,TI
Mammern,TG
Mandach,AG
Mannedorf,ZH
Mannenbach,TG
Mannens-Grandsivaz,FR
Manno,TI
Maracon,VD
Marbach (LU),LU
Marbach (SG),SG
Marchissy,VD
Marin-Epagnier,NE
Marly,FR
Marly-le-Grand,FR
Marly-le-Petit,FR
Marmorera,GR
Marnand,VD
Maroggia,TI
Marolta,TI
Marsens,FR
Marstetten,TG
Marthalen,ZH
Martherenges,VD
Martigny,VS
Martigny-Bourg,VS
Martigny-Combe,VS
Martigny-Ville,VS
Martisberg,VS
Marwil,TG
Maschwanden,ZH
Mase,VS
Masein,GR
Massagno,TI
Massongex,VS
Massonnens,FR
Mastrils,GR
Mathod,VD
Mathon,GR
Matran,FR
Matt,GL
Matten bei Interlaken,BE
Mattstetten,BE
Mattwil,TG
Matzendorf,SO
Matzingen,TG
Mauborget,VD
Mauensee,LU
Maules,FR
Maur,ZH
Mauraz,VD
Mauren,TG
Medeglia,TI
Medel (Lucmagn),GR
Medels im Rheinwald,GR
Meggen,LU
Meienried,BE
Meierskappel,LU
Meikirch,BE
Meilen,ZH
Meinier,GE
Meinisberg,BE
Meiringen,BE
Meisterschwanden,AG
Melano,TI
Melchnau,BE
Melide,TI
Mellikon,AG
Mellingen,AG
Mels,SG
Meltingen,SO
Mendrisio,TI
Menières,FR
Menziken,AG
Menzingen,ZG
Menznau,LU
Menzonio,TI
Merenschwand,AG
Mergoscia,TI
Meride,TI
Merishausen,SH
Mervelier,BE
Mervelier,JU
Merzligen,BE
Mesocco,GR
Messen,SO
Mettau,AG
Mettauertal,AG
Mettemberg,BE
Mettemberg,JU
Mettembert,JU
Mettendorf,TG
Mettlen,TG
Mettmenstetten,ZH
Mett-Oberschlatt,TG
Metzerlen,SO
Metzerlen-Mariastein,SO
Mex (VD),VD
Mex (VS),VS
Meyriez,FR
Meyrin,GE
Mezery-près-Donneloye,VD
Mezières (FR),FR
Mezières (VD),VD
Mezzovico-Vira,TI
Miège,VS
Middes,FR
Miecourt,BE
Miecourt,JU
Mies,VD
Miglieglia,TI
Milvignes,NE
Minusio,TI
Mirchel,BE
Misery,FR
Misery-Courtion,FR
Missy,VD
Mitlodi,GL
Mogelsberg,SG
Moghegno,TI
Mohlin,AG
Moiry,VD
Moleno,TI
Molinis,GR
Mollens (VD),VD
Mollens (VS),VS
Mollis,GL
Molondin,VD
Mon,GR
Monchaltorf,ZH
Monible,BE
Monnaz,VD
Montagnola,TI
Montagny (FR),FR
Montagny-la-Ville,FR
Montagny-les-Monts,FR
Montagny-près-Yverdon,VD
Montalchez,NE
Montana,VS
Montanaire,VD
Montaubion-Chardonney,VD
Montborget,FR
Montbovon,FR
Montbrelloz,FR
Montcherand,VD
Monte,TI
Monte Carasso,TI
Monteceneri,TI
Montecu,FR
Monteggio,TI
Montenol,BE
Montenol,JU
Monterschu,FR
Montet (Broye),FR
Montet (Glane),FR
Montevraz,FR
Montfaucon,BE
Montfaucon,JU
Montfavergier,BE
Montfavergier,JU
Monthal,AG
Montherod,VD
Monthey,VS
Montignez,BE
Montignez,JU
Montilliez,VD
Mont-la-Ville,VD
Montmagny,VD
Montmelon,BE
Montmelon,JU
Montmollin,NE
Mont-Noble,VS
Montpreveyres,VD
Montreux,VD
Montreux-Chatelard,VD
Montreux-Planches,VD
Montricher,VD
Montsevelier,BE
Montsevelier,JU
Mont-sur-Rolle,VD
Mont-Tramelan,BE
Mont-Vully,FR
Moosleerau,AG
Moosseedorf,BE
Morbio Inferiore,TI
Morbio Superiore,TI
Morcote,TI
Morel,VS
Morel-Filet,VS
Morens (FR),FR
Morges,VD
Morigen,BE
Moriken-Wildegg,AG
Morissen,GR
Morlens,FR
Morlon,FR
Morrens (VD),VD
Morschach,SZ
Morschwil,SG
Mosen,LU
Mosnang,SG
Mosogno,TI
Mossel,FR
Motiers (NE),NE
Motschwil,BE
Moudon,VD
Moutier,BE
Movelier,BE
Movelier,JU
Mugena,TI
Muggio,TI
Muhen,AG
Muhlau,AG
Muhlebach,VS
Muhleberg,BE
Muhledorf (BE),BE
Muhledorf (SO),SO
Muhlehorn,GL
Muhlethal,AG
Muhlethurnen,BE
Mulchi,BE
Mulegns,GR
Mullheim,TG
Mulligen,AG
Mumliswil-Ramiswil,SO
Mumpf,AG
Munchenbuchsee,BE
Munchenstein,BL
Munchenwiler,BE
Munchringen,BE
Munchwilen (AG),AG
Munchwilen (TG),TG
Mund,VS
Mundaun,GR
Munsingen,BE
Munster (VS),VS
Munster-Geschinen,VS
Munsterlingen,TG
Muntelier,FR
Muntschemier,BE
Muolen,SG
Muotathal,SZ
Mur (VD),VD
Muralto,TI
Murgenthal,AG
Muri (AG),AG
Muri bei Bern,BE
Muriaux,BE
Muriaux,JU
Murist,FR
Murten,FR
Murtensee / Lac de Morat (FR),FR
Murtensee / Lac de Morat (VD),VD
Mustair,GR
Muswangen,LU
Mutrux,VD
Mutten,GR
Muttenz,BL
Muzzano,TI
Nafels,GL
Naters,VS
Nax,VS
Naz,VD
Nebikon,LU
Neckertal,SG
Neerach,ZH
Neftenbach,ZH
Neggio,TI
Neirivue,FR
Nendaz,VS
Nennigkofen,SO
Nenzlingen,BE
Nenzlingen,BL
Nesslau,SG
Nesslau-Krummenau,SG
Netstal,GL
Neuchatel,NE
Neudorf,LU
Neuendorf,SO
Neuenegg,BE
Neuenhof,AG
Neuenkirch,LU
Neuhaus,FR
Neuhausen am Rheinfall,SH
Neuheim,ZG
Neukirch an der Thur,TG
Neunforn,TG
Neunkirch,SH
Neuwilen,TG
Neyruz (FR),FR
Neyruz-sur-Moudon,VD
Nidau,BE
Nidfurn,GL
Niederbipp,BE
Niederbuchsiten,SO
Niederburen,SG
Niederdorf,BL
Niedererlinsbach,SO
Niedergesteln,VS
Niederglatt,ZH
Niedergosgen,SO
Niederhasli,ZH
Niederhelfenschwil,SG
Niederhunigen,BE
Niederlenz,AG
Niedermuhlern,BE
Niederneunforn,TG
Niederonz,BE
Niederosch,BE
Niederried bei Interlaken,BE
Niederried bei Kallnach,BE
Niederrohrdorf,AG
Niedersommeri,TG
Niederstocken,BE
Niederurnen,GL
Niederwald,VS
Niederweningen,ZH
Niederwichtrach,BE
Niederwil (AG),AG
Niederwil (SO),SO
Niederwil (TG),TG
Nierlet-les-Bois,FR
Nods,BE
Noflen,BE
Noiraigue,NE
Noreaz,FR
Nottwil,LU
Novaggio,TI
Novalles,VD
Novazzano,TI
Noville,VD
Nufenen,GR
Nuglar-St. Pantaleon,SO
Nunningen,SO
Nurensdorf,ZH
Nussbaumen,TG
Nusshof,BL
Nuvilly,FR
Nyon,VD
Oberaach,TG
Oberageri,ZG
Oberbalm,BE
Oberbipp,BE
Oberbozberg,AG
Oberbuchsiten,SO
Oberburen,SG
Oberburg,BE
Oberbussnang,TG
Oberdiessbach,BE
Oberdorf (BL),BL
Oberdorf (NW),NW
Oberdorf (SO),SO
Oberegg,AI
Oberehrendingen,AG
Oberembrach,ZH
Oberems,VS
Oberengstringen,ZH
Oberentfelden,AG
Obererlinsbach,SO
Oberflachs,AG
Obergerlafingen,SO
Obergesteln,VS
Oberglatt,ZH
Obergoms,VS
Obergosgen,SO
Oberhallau,SH
Oberhelfenschwil,SG
Oberhof,AG
Oberhofen (AG),AG
Oberhofen am Thunersee,BE
Oberhofen bei Kreuzlingen,TG
Oberhunigen,BE
Oberiberg,SZ
Oberkirch,LU
Oberkulm,AG
Oberlangenegg,BE
Oberlunkhofen,AG
Obermumpf,AG
Oberneunforn,TG
Oberonz,BE
Oberosch,BE
Oberramsern,SO
Oberried (FR),FR
Oberried am Brienzersee,BE
Oberrieden,ZH
Oberriet (SG),SG
Oberrohrdorf,AG
Oberruti,AG
Obersaxen,GR
Obersaxen Mundaun,GR
Oberschrot,FR
Obersiggenthal,AG
Obersommeri,TG
Oberstammheim,ZH
Obersteckholz,BE
Oberstocken,BE
Oberthal,BE
Oberurnen,GL
Oberuzwil,SG
Oberwald,VS
Oberwangen,TG
Oberweningen,ZH
Oberwichtrach,BE
Oberwil (AG),AG
Oberwil (BL),BL
Oberwil (TG),TG
Oberwil bei Buren,BE
Oberwil im Simmental,BE
Oberwil-Lieli,AG
Obfelden,ZH
Obstalden,GL
Ochlenberg,BE
Ocourt,BE
Ocourt,JU
Oekingen,SO
Oensingen,SO
Oeschenbach,BE
Oeschgen,AG
Oetwil am See,ZH
Oetwil an der Limmat,ZH
Oftringen,AG
Ogens,VD
Ohmstal,LU
Oleyres,VD
Olivone,TI
Ollon,VD
Olsberg,AG
Olten,SO
Oltingen,BL
Onex,GE
Onnens (FR),FR
Onnens (VD),VD
Onsernone,TI
Opfershofen (TG),TG
Opfertshofen (SH),SH
Opfikon,ZH
Oppens,VD
Oppikon,TG
Oppligen,BE
Orbe,VD
Orges,VD
Origlio,TI
Ormalingen,BL
Ormont-Dessous,VD
Ormont-Dessus,VD
Orny,VD
Oron,VD
Oron-la-Ville,VD
Oron-le-Chatel,VD
Orpund,BE
Orselina,TI
Orsières,VS
Orsonnens,FR
Orvin,BE
Orzens,VD
Osco,TI
Osogna,TI
Ossingen,ZH
Osterfingen,SH
Ostermundigen,BE
Otelfingen,ZH
Othmarsingen,AG
Ottenbach,ZH
Ottoberg,TG
Oulens-sous-Echallens,VD
Oulens-sur-Lucens,VD
Pagig,GR
Pailly,VD
Palagnedra,TI
Palezieux,VD
Pambio-Noranco,TI
Pampigny,VD
Paradiso,TI
Parpan,GR
Parsonz,GR
Paspels,GR
Patzen-Fardun,GR
Paudex,VD
Payerne,VD
Pazzallo,TI
Peccia,TI
Pedrinate,TI
Peiden,GR
Peist,GR
Peney-le-Jorat,VD
Penthalaz,VD
Penthaz,VD
Penthereaz,VD
Perly-Certoux,GE
Perrefitte,BE
Perroy,VD
Personico,TI
Pery,BE
Pery-La Heutte,BE
Peseux,NE
Petit-Val,BE
Peyres-Possens,VD
Pfafers,SG
Pfaffikon,ZH
Pfaffnau,LU
Pfeffikon,LU
Pfeffingen,BL
Pfungen,ZH
Pfyn,TG
Pianezzo,TI
Piazzogna,TI
Pierrafortscha,FR
Pieterlen,BE
Pignia,GR
Pigniu,GR
Pigniu/Panix,GR
Pitasch,GR
Pizy,VD
Plaffeien,FR
Plagne,BE
Plan-les-Ouates,GE
Plasselb,FR
Plateau de Diesse,BE
Pleigne,BE
Pleigne,JU
Pleujouse,BE
Pleujouse,JU
Pohlern,BE
Poliez-le-Grand,VD
Poliez-Pittet,VD
Pollegio,TI
Pompaples,VD
Pomy,VD
Pont (Veveyse),FR
Ponte Capriasca,TI
Ponte Tresa,TI
Pontenet,BE
Pont-en-Ogoz,FR
Ponthaux,FR
Pont-la-Ville,FR
Ponto Valentino,TI
Pontresina,GR
Porrentruy,BE
Porrentruy,JU
Porsel,FR
Port,BE
Portalban,FR
Portein,GR
Port-Valais,VS
Porza,TI
Posat,FR
Poschiavo,GR
Posieux,FR
Praden,GR
Prahins,VD
Prangins,VD
Praratoud,FR
Praroman,FR
Prato (Leventina),TI
Prato-Sornico,TI
Pratteln,BL
Pratval,GR
Praz,GR
Pregassona,TI
Pregny-Chambesy,GE
Prèles,BE
Premier,VD
Preonzo,TI
Presinge,GE
Preverenges,VD
Prevondavaux,FR
Prevonloup,VD
Prez-vers-Noreaz,FR
Prez-vers-Siviriez,FR
Prilly,VD
Progens,FR
Promasens,FR
Provence,VD
Prugiasco,TI
Puidoux,VD
Pully,VD
Puplinge,GE
Pura,TI
Quarten,SG
Quinto,TI
Radelfingen,BE
Rafz,ZH
Rain,LU
Ramlinsburg,BL
Ramosch,GR
Ramsen,SH
Rancate,TI
Rances,VD
Randa,VS
Randogne,VS
Raperswilen,TG
Rapperswil (BE),BE
Rapperswil (SG),SG
Rapperswil-Jona,SG
Raron,VS
Rasa,TI
Rauchlisberg,TG
Realp,UR
Rebeuvelier,BE
Rebeuvelier,JU
Rebevelier,BE
Rebstein,SG
Recherswil,SO
Rechthalten,FR
Reckingen (VS),VS
Reckingen-Gluringen,VS
Reclère,BE
Reclère,JU
Reconvilier,BE
Regensberg,ZH
Regensdorf,ZH
Rehetobel,AR
Reichenbach im Kandertal,BE
Reichenburg,SZ
Reiden,LU
Reigoldswil,BL
Reinach (AG),AG
Reinach (BL),BL
Reisiswil,BE
Reitnau,AG
Rekingen (AG),AG
Remaufens,FR
Remetschwil,AG
Remigen,AG
Renan (BE),BE
Renens (VD),VD
Rennaz,VD
Retschwil,LU
Reute (AR),AR
Reuti,TG
Reutigen,BE
Reverolle,VD
Rhazuns,GR
Rheinau,ZH
Rheineck,SG
Rheinfelden,AG
Rheinklingen,TG
Riaz,FR
Richenthal,LU
Richterswil,ZH
Rickenbach (BL),BL
Rickenbach (LU),LU
Rickenbach (SO),SO
Rickenbach (TG),TG
Rickenbach (ZH),ZH
Rickenbach bei Wil,TG
Riddes,VS
Ried bei Brig,VS
Ried bei Kerzers,FR
Ried bei Morel,VS
Ried-Brig,VS
Rieden,SG
Riederalp,VS
Riedern,GL
Riedholz,SO
Ried-Morel,VS
Riedt,TG
Riehen,BS
Riein,GR
Riemenstalden,SZ
Rietheim,AG
Riex,VD
Rifferswil,ZH
Riggisberg,BE
Ringgenberg (BE),BE
Riniken,AG
Riom,GR
Riom-Parsonz,GR
Risch,ZG
Ritzingen,VS
Riva San Vitale,TI
Rivaz,VD
Rivera,TI
Riviera,TI
Robasacco,TI
Roche (VD),VD
Roche-d'Or,BE
Roche-d'Or,JU
Rochefort,NE
Roches (BE),BE
Rocourt,BE
Rocourt,JU
Rodels,GR
Rodersdorf,SO
Roggenburg,BE
Roggenburg,BL
Roggliswil,LU
Roggwil (BE),BE
Roggwil (TG),TG
Rohr (AG),AG
Rohr (SO),SO
Rohrbach,BE
Rohrbachgraben,BE
Rolle,VD
Romainmotier,VD
Romainmotier-Envy,VD
Romairon,VD
Romanel-sur-Lausanne,VD
Romanel-sur-Morges,VD
Romanens,FR
Romanshorn,TG
Romerswil,LU
Romont (BE),BE
Romont (FR),FR
Romoos,LU
Rona,GR
Ronco sopra Ascona,TI
Rongellen,GR
Root,LU
Ropraz,VD
Rorbas,ZH
Rorschach,SG
Rorschacherberg,SG
Roschenz,BE
Roschenz,BL
Rossa,GR
Rossemaison,BE
Rossemaison,JU
Rossenges,VD
Rossens (FR),FR
Rossens (VD),VD
Rossinière,VD
Rossura,TI
Rothenbach bei Herzogenbuchsee,BE
Rothenbach im Emmental,BE
Rothenbrunnen,GR
Rothenburg,LU
Rothenfluh,BL
Rothenhausen,TG
Rothenthurm,SZ
Rothrist,AG
Rottenschwil,AG
Rougemont,VD
Roveredo (GR),GR
Roveredo-Capriasca,TI
Rovio,TI
Rovray,VD
Rubigen,BE
Ruderswil,BE
Rudlingen,SH
Rudolfstetten-Friedlisberg,AG
Rudtligen-Alchenfluh,BE
Rue,FR
Rueggisberg,BE
Ruegsau,BE
Rueun,GR
Rueyres,VD
Rueyres-les-Pres,FR
Rueyres-Saint-Laurent,FR
Rueyres-Treyfayes,FR
Rufenach,AG
Rumendingen,BE
Rumikon,AG
Rumisberg,BE
Rumlang,ZH
Rumligen,BE
Rumlingen,BL
Runenberg,BL
Rupperswil,AG
Ruppoldsried,BE
Ruschegg,BE
Ruschein,GR
Ruschlikon,ZH
Russikon,ZH
Russin,GE
Russo,TI
Russy,FR
Ruswil,LU
Rute,AI
Ruthi (Rheintal),SG
Ruthi (SG),SG
Ruti (GL),GL
Ruti (ZH),ZH
Ruti bei Buren,BE
Ruti bei Lyssach,BE
Ruti bei Riggisberg,BE
Rutschelen,BE
Ruttenen,SO
Saanen,BE
Saas,GR
Saas Almagell,VS
Saas Balen,VS
Saas Fee,VS
Saas Grund,VS
Saas-Almagell,VS
Saas-Balen,VS
Saas-Fee,VS
Saas-Grund,VS
Sachseln,OW
Safenwil,AG
Safien,GR
Safiental,GR
Safnern,BE
Sagno,TI
Sagogn,GR
Saicourt,BE
Saignelegier,BE
Saignelegier,JU
Saillon,VS
Saint-Aubin (FR),FR
Saint-Aubin-Sauges,NE
Saint-Barthelemy (VD),VD
Saint-Blaise,NE
Saint-Brais,BE
Saint-Brais,JU
Saint-Cergue,VD
Saint-Cierges,VD
Sainte-Croix,VD
Saint-George,VD
Saint-Gingolph,VS
Saint-Imier,BE
Saint-Jean,VS
Saint-Legier-La Chiesaz,VD
Saint-Leonard,VS
Saint-Livres,VD
Saint-Luc,VS
Saint-Martin (FR),FR
Saint-Martin (VS),VS
Saint-Maurice,VS
Saint-Oyens,VD
Saint-Prex,VD
Saint-Saphorin (Lavaux),VD
Saint-Saphorin-sur-Morges,VD
Saint-Sulpice (NE),NE
Saint-Sulpice (VD),VD
Saint-Ursanne,BE
Saint-Ursanne,JU
Sala Capriasca,TI
Salen-Reutenen,TG
Salenstein,TG
Sales,FR
Sales (Gruyère),FR
Sales (Sarine),FR
Salgesch,VS
Salins,VS
Salmsach,TG
Salorino,TI
Salouf,GR
Salvan,VS
Salvenach,FR
Samedan,GR
Samnaun,GR
San Nazzaro,TI
San Vittore,GR
Santa Domenica,GR
Santa Maria im Munstertal,GR
Santa Maria in Calanca,GR
Sant'Abbondio,TI
Sant'Antonino,TI
Sant'Antonio,TI
Sargans,SG
Sarmenstorf,AG
Sarn,GR
Sarnen,OW
Sarnersee,OW
Sarzens,VD
Sassel,VD
Satigny,GE
Sattel,SZ
Saubraz,VD
Sauge,BE
Saulcy,BE
Saulcy,JU
Saules (BE),BE
Savagnier,NE
Savièse,VS
Savigny,VD
Savognin,GR
Savosa,TI
Saxeten,BE
Saxon,VS
Says,GR
Schaffhausen,SH
Schafisheim,AG
Schalunen,BE
S-chanf,GR
Schangnau,BE
Schanis,SG
Scharans,GR
Schattdorf,UR
Schattenhalb,BE
Scheid,GR
Schelten,BE
Schenkon,LU
Scherz,AG
Scherzingen,TG
Scheunen,BE
Scheuren,BE
Schiers,GR
Schinznach,AG
Schinznach Bad,AG
Schinznach Dorf,AG
Schinznach-Bad,AG
Schinznach-Dorf,AG
Schlans,GR
Schlatt,ZH
Schlatt (TG),TG
Schlatt (ZH),ZH
Schlatt-Haslen,AI
Schlattingen,TG
Schleinikon,ZH
Schleitheim,SH
Schleuis,GR
Schlierbach,LU
Schlieren,ZH
Schlossrued,AG
Schlosswil,BE
Schluein,GR
Schmerikon,SG
Schmiedrued,AG
Schmitten (FR),FR
Schmitten (GR),GR
Schnaus,GR
Schneisingen,AG
Schnottwil,SO
Schocherswil,TG
Schofflisdorf,ZH
Schoftland,AG
Schonenbaumgarten,TG
Schonenberg (ZH),ZH
Schonenberg an der Thur,TG
Schonenbuch,BL
Schonengrund,AR
Schonenwerd,SO
Schongau,LU
Schonholzerswilen,TG
Schotz,LU
Schubelbach,SZ
Schupfart,AG
Schupfen,BE
Schupfheim,LU
Schwaderloch,AG
Schwadernau,BE
Schwanden (GL),GL
Schwanden bei Brienz,BE
Schwandi,GL
Schwarzenbach,LU
Schwarzenberg,LU
Schwarzenburg,BE
Schwarzhausern,BE
Schweizersholz,TG
Schwellbrunn,AR
Schwende,AI
Schwendibach,BE
Schwerzenbach,ZH
Schwyz,SZ
Scuol,GR
Scuol/Schuls,GR
Sedeilles,VD
Seeberg,BE
Seedorf (BE),BE
Seedorf (UR),UR
Seegraben,ZH
Seehof,BE
Seelisberg,UR
Seengen,AG
Seewen,SO
Seewis im Pratigau,GR
Seewis im Prattigau,GR
Seftigen,BE
Seigneux,VD
Seiry,FR
Seleute,BE
Seleute,JU
Selkingen,VS
Selma,GR
Seltisberg,BL
Selzach,SO
Sembrancher,VS
Sementina,TI
Semione,TI
Sempach,LU
Sempachersee,LU
Semsales,FR
Senarclens,VD
Senèdes,FR
Sennwald,SG
Sent,GR
Seon,AG
Sergey,VD
Serravalle,TI
Servion,VD
Sessa,TI
Seuzach,ZH
Sevaz,FR
Sevelen,SG
Severy,VD
Sevgein,GR
Siat,GR
Siblingen,SH
Siegershausen,TG
Sierre,VS
Sigirino,TI
Siglistorf,AG
Signau,BE
Signy-Avenex,VD
Sigriswil,BE
Sihlsee,SZ
Silenen,UR
Sils im Domleschg,GR
Sils im Engadin/Segl,GR
Silvaplana,GR
Simplon,VS
Sins,AG
Sion,VS
Sirnach,TG
Siselen,BE
Sisikon,UR
Sissach,BL
Sisseln,AG
Sitterdorf,TG
Siviriez,FR
Soazza,GR
Sobrio,TI
Soglio,GR
Solothurn,SO
Someo,TI
Sommentier,FR
Sommeri,TG
Somvix,GR
Sonceboz-Sombeval,BE
Sonogno,TI
Sonterswil,TG
Sonvico,TI
Sonvilier,BE
Sool,GL
Soral,GE
Sorengo,TI
Sorens,FR
Sornetan,BE
Sorvilier,BE
Sottens,VD
Soubey,BE
Soubey,JU
Souboz,BE
Soulce,BE
Soulce,JU
Soyhières,BE
Soyhières,JU
Speicher,AR
Spiez,BE
Spiringen,UR
Splugen,GR
Spreitenbach,AG
St. Antoni,FR
St. Antonien,GR
St. Antonien Ascharina,GR
St. Antonien Castels,GR
St. Antonien Ruti,GR
St. Gallen,SG
St. Gallenkappel,SG
St. Margrethen,SG
St. Martin,GR
St. Moritz,GR
St. Niklaus,VS
St. Peter,GR
St. Peter-Pagig,GR
St. Peterzell,SG
St. Silvester,FR
St. Stephan,BE
St. Ursen,FR
Sta. Maria Val Mustair,GR
Staatswald Galm,FR
Stabio,TI
Stadel,ZH
Stafa,ZH
Staffelbach,AG
Stalden (VS),VS
Staldenried,VS
Stallikon,ZH
Stampa,GR
Stans,NW
Stansstad,NW
Starrkirch-Wil,SO
Staufen,AG
Steckborn,TG
Steffisburg,BE
Steg,VS
Steg-Hohtenn,VS
Stein (AG),AG
Stein (AR),AR
Stein (SG),SG
Stein (Toggenburg),SG
Stein am Rhein,SH
Steinach,SG
Steinen,SZ
Steinerberg,SZ
Steinhaus,VS
Steinhausen,ZG
Steinhof,SO
Steinmaur,ZH
Sternenberg,ZH
Stetten (AG),AG
Stetten (SH),SH
Stettfurt,TG
Stettlen,BE
Stierva,GR
Stilli,AG
Stocken-Hofen,BE
Strada,GR
Strengelbach,AG
Strohwilen,TG
Studen,BE
Studen (BE),BE
Stusslingen,SO
Subingen,SO
Suchy,VD
Sufers,GR
Sugnens,VD
Suhr,AG
Sulgen,TG
Sullens,VD
Sulz (AG),AG
Sulz (LU),LU
Sumiswald,BE
Sumvitg,GR
Sur,GR
Suraua,GR
Surava,GR
Surcasti,GR
Surcuolm,GR
Surpierre,FR
Sursee,LU
Surses,GR
Suscevaz,VD
Susch,GR
Sutz-Lattrigen,BE
Syens,VD
Tafers,FR
Tagerig,AG
Tagerschen,TG
Tagertschi,BE
Tagerwilen,TG
Tamins,GR
Tannay,VD
Tannegg,TG
Tarasp,GR
Tartar,GR
Tartegnin,VD
Tasch,VS
Tauffelen,BE
Tavannes,BE
Tavetsch,GR
Tecknau,BL
Tegerfelden,AG
Tegna,TI
Tenero-Contra,TI
Tenna,GR
Tenniken,BL
Tentlingen,FR
Termen,VS
Terre di Pedemonte,TI
Tersnaus,GR
Tesserete,TI
Teufen (AR),AR
Teufenthal (AG),AG
Teuffenthal (BE),BE
Tevenon,VD
Thal,SG
Thalheim (AG),AG
Thalheim an der Thur,ZH
Thalwil,ZH
Thayngen,SH
Therwil,BL
Thielle-Wavre,NE
Thierachern,BE
Thierrens,VD
Thonex,GE
Thorigen,BE
Thun,BE
Thundorf,TG
Thunersee,BE
Thunstetten,BE
Thurnen,BL
Thusis,GR
Tiefencastel,GR
Tinizong,GR
Tinizong-Rona,GR
Titterten,BL
Tobel,TG
Tobel-Tagerschen,TG
Toffen,BE
Tolochenaz,VD
Tomils,GR
Toos,TG
Torbel,VS
Torny,FR
Torny-le-Grand,FR
Torre,TI
Torricella-Taverne,TI
Trachselwald,BE
Tramelan,BE
Trans,GR
Trasadingen,SH
Travers,NE
Treiten,BE
Trelex,VD
Tremona,TI
Trey,VD
Treycovagnes,VD
Treytorrens (Payerne),VD
Treyvaux,FR
Triboltingen,TG
Triengen,LU
Trient,VS
Trimbach,SO
Trimmis,GR
Trimstein,BE
Trin,GR
Trogen,AR
Troinex,GE
Troistorrents,VS
Trub,BE
Trubschachen,BE
Trullikon,ZH
Trun,GR
Truttikon,ZH
Tschappina,GR
Tscheppach,SO
Tschiertschen,GR
Tschiertschen-Praden,GR
Tschierv,GR
Tschlin,GR
Tschugg,BE
Tubach,SG
Tuggen,SZ
Tujetsch,GR
Tumegl/Tomils,GR
Turbenthal,ZH
Turgi,AG
Turtmann,VS
Turtmann-Unterems,VS
Tuscherz-Alfermee,BE
Tuttwil,TG
Twann,BE
Twann-Tuscherz,BE
Udligenswil,LU
Ueberstorf,FR
Uebeschi,BE
Ueken,AG
Uerkheim,AG
Uerschhausen,TG
Uesslingen,TG
Uesslingen-Buch,TG
Uetendorf,BE
Uetikon,ZH
Uetikon am See,ZH
Uezwil,AG
Uffikon,LU
Ufhusen,LU
Uitikon,ZH
Ulmiz,FR
Ulrichen,VS
Umiken,AG
Undervelier,BE
Undervelier,JU
Unterageri,ZG
Unterbach,VS
Unterbozberg,AG
Untereggen,SG
Unterehrendingen,AG
Unterems,VS
Unterendingen,AG
Unterengstringen,ZH
Unterentfelden,AG
Unteriberg,SZ
Unterkulm,AG
Unterlangenegg,BE
Unterlunkhofen,AG
Unterramsern,SO
Unterschachen,UR
Unterschlatt,TG
Unterseen,BE
Untersiggenthal,AG
Unterstammheim,ZH
Untersteckholz,BE
Untervaz,GR
Uors (Lumnezia),GR
Uors-Peiden,GR
Urdorf,ZH
Urmein,GR
Urnasch,AR
Ursenbach,BE
Ursins,VD
Ursy,FR
Urtenen,BE
Urtenen-Schonbuhl,BE
Uster,ZH
Uttigen,BE
Uttwil,TG
Utzenstorf,BE
Uznach,SG
Uzwil,SG
Vacallo,TI
Vaglio,TI
Val Mustair,GR
Val Terbi,JU
Valangin,NE
Valbirse,BE
Valbroye,VD
Valchava,GR
Valcolla,TI
Val-de-Charmey,FR
Val-de-Ruz,NE
Val-de-Travers,NE
Val-d'Illiez,VS
Valendas,GR
Valeyres-sous-Montagny,VD
Valeyres-sous-Rances,VD
Valeyres-sous-Ursins,VD
Vallamand,VD
Vallon,FR
Vallorbe,VD
Vals,GR
Valsot,GR
Valzeina,GR
Vandoeuvres,GE
Varen,VS
Vauderens,FR
Vauffelin,BE
Vaugondry,VD
Vaulion,VD
Vaulruz,FR
Vaumarcus,NE
Vaumarcus-Verneaz,NE
Vaux-sur-Morges,VD
Vaz/Obervaz,GR
Vechigen,BE
Vella,GR
Vellerat,BE
Vellerat,JU
Veltheim (AG),AG
Vendlincourt,BE
Vendlincourt,JU
Venthone,VS
Verdabbio,GR
Vergeletto,TI
Vermes,BE
Vermes,JU
Vernamiège,VS
Vernate,TI
Vernay,FR
Vernayaz,VS
Vernier,GE
Verossaz,VS
Versam,GR
Verscio,TI
Versoix,GE
Vesin,FR
Vetroz,VS
Vevey,VD
Vex,VS
Veyras,VS
Veyrier,GE
Veysonnaz,VS
Veytaux,VD
Vezia,TI
Vezio,TI
Vich,VD
Vico Morcote,TI
Vicosoprano,GR
Vicques,BE
Vicques,JU
Vierwaldstattersee (LU),LU
Vierwaldstattersee (NW),NW
Vierwaldstattersee (OW),OW
Vierwaldstattersee (SZ),SZ
Vierwaldstattersee (UR),UR
Viganello,TI
Vigens,GR
Vignogn,GR
Villa (GR),GR
Villa Luganese,TI
Villangeaux,FR
Villaraboud,FR
Villaranon,FR
Villarbeney,FR
Villarepos,FR
Villargiroud,FR
Villariaz,FR
Villarimboud,FR
Villarlod,FR
Villars-Bramard,VD
Villars-Burquin,VD
Villars-d'Avry,FR
Villarsel-le-Gibloux,FR
Villarsel-sur-Marly,FR
Villars-Epeney,VD
Villarsiviriaux,FR
Villars-le-Comte,VD
Villars-le-Grand,VD
Villars-le-Terroir,VD
Villars-Lussery,VD
Villars-Mendraz,VD
Villars-Sainte-Croix,VD
Villars-sous-Champvent,VD
Villars-sous-Mont,FR
Villars-sous-Yens,VD
Villars-sur-Glane,FR
Villars-Tiercelin,VD
Villarvolard,FR
Villarzel,VD
Villaz-Saint-Pierre,FR
Villeneuve (FR),FR
Villeneuve (VD),VD
Villeret,BE
Villette (Lavaux),VD
Villiers,NE
Villigen,AG
Villmergen,AG
Villnachern,AG
Villorsonnens,FR
Vilters,SG
Vilters-Wangs,SG
Vinelz,BE
Vinzel,VD
Vionnaz,VS
Vira (Gambarogno),TI
Visp,VS
Visperterminen,VS
Vissoie,VS
Vitznau,LU
Vogorno,TI
Volken,ZH
Volketswil,ZH
Vollèges,VS
Vordemwald,AG
Vorderthal,SZ
Vouvry,VS
Vrin,GR
Vuadens,FR
Vuarmarens,FR
Vuarrens,VD
Vucherens,VD
Vufflens-la-Ville,VD
Vufflens-le-Chateau,VD
Vugelles-La Mothe,VD
Vuibroye,VD
Vuippens,FR
Vuissens,FR
Vuisternens-devant-Romont,FR
Vuisternens-en-Ogoz,FR
Vuiteboeuf,VD
Vulliens,VD
Vullierens,VD
Vully-le-Bas,FR
Vully-le-Haut,FR
Vully-les-Lacs,VD
Wachseldorn,BE
Wadenswil,ZH
Wagenhausen,TG
Wahlen,BE
Wahlen,BL
Wahlern,BE
Walchwil,ZG
Wald (AR),AR
Wald (BE),BE
Wald (ZH),ZH
Waldenburg,BL
Waldi,TG
Waldkirch,SG
Waldstatt,AR
Walensee (GL),GL
Walensee (SG),SG
Walenstadt,SG
Walkringen,BE
Wallbach,AG
Wallenbuch,FR
Wallenried,FR
Wallenwil,TG
Wallisellen,ZH
Walliswil bei Niederbipp,BE
Walliswil bei Wangen,BE
Walperswil,BE
Waltalingen,ZH
Waltensburg/Vuorz,GR
Waltenschwil,AG
Walterswil (BE),BE
Walterswil (SO),SO
Walzenhausen,AR
Wangen (SZ),SZ
Wangen (ZH),ZH
Wangen an der Aare,BE
Wangen bei Olten,SO
Wangen-Bruttisellen,ZH
Wangenried,BE
Wangi,TG
Wanzwil,BE
Wartau,SG
Warth,TG
Warth-Weiningen,TG
Wassen,UR
Wasterkingen,ZH
Wattenwil,BE
Wattwil,SG
Wauwil,LU
Weerswilen,TG
Weesen,SG
Wegenstetten,AG
Weggis,LU
Weiach,ZH
Weinfelden,TG
Weingarten,TG
Weiningen (TG),TG
Weiningen (ZH),ZH
Weisslingen,ZH
Wellhausen,TG
Welschenrohr,SO
Wengi,BE
Wenslingen,BL
Werthenstein,LU
Wettingen,AG
Wettswil,ZH
Wettswil am Albis,ZH
Wetzikon (TG),TG
Wetzikon (ZH),ZH
Wichtrach,BE
Widen,AG
Widnau,SG
Wiedlisbach,BE
Wiesen (GR),GR
Wiesendangen,ZH
Wiezikon,TG
Wiggiswil,BE
Wigoltingen,TG
Wikon,LU
Wil (AG),AG
Wil (SG),SG
Wil (ZH),ZH
Wila,ZH
Wilchingen,SH
Wildberg,ZH
Wilderswil,BE
Wildhaus,SG
Wildhaus-Alt St. Johann,SG
Wilen (TG),TG
Wilen bei Neunforn,TG
Wilen bei Wil,TG
Wiler (Lotschen),VS
Wiler bei Utzenstorf,BE
Wileroltigen,BE
Wiliberg,AG
Wilihof,LU
Willadingen,BE
Willisau,LU
Willisau Land,LU
Willisau Stadt,LU
Willisdorf,TG
Wimmis,BE
Windisch,AG
Winikon,LU
Winistorf,SO
Winkel,ZH
Wintersingen,BL
Winterthur,ZH
Winznau,SO
Wisen (SO),SO
Wislikofen,AG
Wittenbach,SG
Wittenwil,TG
Witterswil,SO
Wittinsburg,BL
Wittnau,AG
Wohlen (AG),AG
Wohlen bei Bern,BE
Wohlenschwil,AG
Wolfenschiessen,NW
Wolfhalden,AR
Wolfisberg,BE
Wolflinswil,AG
Wolfwil,SO
Wolhusen,LU
Wollerau,SZ
Worb,BE
Worben,BE
Wunnewil,FR
Wunnewil-Flamatt,FR
Wuppenau,TG
Wurenlingen,AG
Wurenlos,AG
Wynau,BE
Wynigen,BE
Wyssachen,BE
Yens,VD
Yverdon,VD
Yverdon-les-Bains,VD
Yvonand,VD
Yvorne,VD
Zauggenried,BE
Zaziwil,BE
Zeglingen,BL
Zeihen,AG
Zeiningen,AG
Zell (LU),LU
Zell (ZH),ZH
Zenauva,FR
Zeneggen,VS
Zermatt,VS
Zernez,GR
Zetzwil,AG
Zezikon,TG
Ziefen,BL
Zielebach,BE
Zihlschlacht,TG
Zihlschlacht-Sitterdorf,TG
Zillis-Reischen,GR
Zimmerwald,BE
Zizers,GR
Zofingen,AG
Zollikofen,BE
Zollikon,ZH
Zuben,TG
Zuchwil,SO
Zufikon,AG
Zug,ZG
Zugersee (LU),LU
Zugersee (SZ),SZ
Zugersee (ZG),ZG
Zullwil,SO
Zumholz,FR
Zumikon,ZH
Zunzgen,BL
Zuoz,GR
Zurich,ZH
Zurichsee (SG),SG
Zurichsee (SZ),SZ
Zurichsee (ZH),ZH
Zurzach,AG
Zuzgen,AG
Zuzwil (BE),BE
Zuzwil (SG),SG
Zweisimmen,BE
Zwieselberg,BE
Zwingen,BE
Zwingen,BL
Zwischbergen,VS
